  95  95  95  95  95  95  95  95  95  95  95
  100.25  95  95  95  95  95  95  95  95  95  75
  100.5  95.0262  95  95  95  95  95  95  95  94.9  75
  100.749  95.0535  95.0001  95  95  95  95  95  94.9995  94.801  75
  100.998  95.0817  95.0004  95  95  95  95  95  94.9985  94.703  75
  101.247  95.1109  95.0008  95  95  95  95  95  94.997  94.606  75
  101.494  95.141  95.0013  95  95  95  95  95  94.9951  94.5099  75
  101.741  95.1721  95.002  95  95  95  95  95  94.9927  94.4148  75
  101.987  95.2041  95.0029  95  95  95  95  94.9999  94.9898  94.3206  75
  102.231  95.237  95.0039  95  95  95  95  94.9999  94.9865  94.2273  75
  102.474  95.2708  95.005  95.0001  95  95  95  94.9998  94.9828  94.135  75
  102.715  95.3055  95.0063  95.0001  95  95  95  94.9997  94.9787  94.0435  75
  102.955  95.341  95.0078  95.0001  95  95  95  94.9996  94.9741  93.953  75
  103.193  95.3774  95.0094  95.0001  95  95  95  94.9995  94.9691  93.8633  75
  103.429  95.4147  95.0112  95.0002  95  95  95  94.9993  94.9637  93.7745  75
  103.663  95.4527  95.0132  95.0002  95  95  95  94.9992  94.958  93.6866  75
  103.894  95.4916  95.0153  95.0003  95  95  95  94.999  94.9518  93.5995  75
  104.123  95.5312  95.0176  95.0004  95  95  95  94.9987  94.9453  93.5133  75
  104.35  95.5716  95.0201  95.0005  95  95  95  94.9985  94.9384  93.4279  75
  104.573  95.6127  95.0228  95.0006  95  95  95  94.9982  94.9311  93.3433  75
  104.794  95.6546  95.0256  95.0007  95  95  95  94.9978  94.9235  93.2595  75
  105.012  95.6971  95.0286  95.0008  95  95  94.9999  94.9975  94.9156  93.1766  75
  105.227  95.7404  95.0318  95.0009  95  95  94.9999  94.9971  94.9073  93.0944  75
  105.438  95.7843  95.0352  95.0011  95  95  94.9999  94.9967  94.8987  93.013  75
  105.646  95.8288  95.0388  95.0012  95  95  94.9999  94.9962  94.8898  92.9323  75
  105.851  95.8739  95.0425  95.0014  95  95  94.9999  94.9957  94.8805  92.8525  75
  106.052  95.9196  95.0465  95.0016  95  95  94.9999  94.9951  94.8709  92.7733  75
  106.249  95.9659  95.0506  95.0018  95  95  94.9998  94.9945  94.8611  92.695  75
  106.442  96.0128  95.055  95.0021  95.0001  95  94.9998  94.9939  94.8509  92.6173  75
  106.631  96.0601  95.0595  95.0023  95.0001  95  94.9998  94.9932  94.8405  92.5404  75
  106.816  96.108  95.0642  95.0026  95.0001  95  94.9998  94.9925  94.8297  92.4642  75
  106.997  96.1563  95.0691  95.0029  95.0001  95  94.9997  94.9917  94.8187  92.3887  75
  107.174  96.2051  95.0742  95.0032  95.0001  95  94.9997  94.9909  94.8074  92.3139  75
  107.345  96.2543  95.0795  95.0036  95.0001  95  94.9996  94.99  94.7959  92.2398  75
  107.513  96.3039  95.085  95.0039  95.0001  95  94.9996  94.9891  94.7841  92.1664  75
  107.675  96.3538  95.0907  95.0043  95.0002  95  94.9995  94.9881  94.772  92.0936  75
  107.833  96.4041  95.0966  95.0047  95.0002  95  94.9995  94.9871  94.7597  92.0216  75
  107.986  96.4547  95.1027  95.0052  95.0002  95  94.9994  94.986  94.7471  91.9501  75
  108.134  96.5056  95.1089  95.0056  95.0002  95  94.9994  94.9849  94.7343  91.8794  75
  108.277  96.5568  95.1154  95.0061  95.0002  95  94.9993  94.9837  94.7213  91.8093  75
  108.415  96.6082  95.1221  95.0066  95.0003  95  94.9992  94.9825  94.7081  91.7398  75
  108.547  96.6598  95.1289  95.0072  95.0003  95  94.9991  94.9812  94.6946  91.6709  75
  108.674  96.7115  95.136  95.0077  95.0003  95  94.9991  94.9798  94.6809  91.6027  75
  108.796  96.7635  95.1432  95.0083  95.0004  95  94.999  94.9784  94.667  91.5351  75
  108.912  96.8155  95.1506  95.009  95.0004  95  94.9989  94.977  94.6529  91.468  75
  109.023  96.8677  95.1582  95.0096  95.0005  95  94.9988  94.9755  94.6386  91.4016  75
  109.128  96.9199  95.166  95.0103  95.0005  95  94.9987  94.9739  94.6241  91.3358  75
  109.227  96.9722  95.174  95.0111  95.0005  95  94.9985  94.9723  94.6094  91.2706  75
  109.32  97.0245  95.1822  95.0118  95.0006  95  94.9984  94.9706  94.5945  91.2059  75
  109.408  97.0767  95.1906  95.0126  95.0006  95  94.9983  94.9688  94.5795  91.1418  75
  109.49  97.129  95.1991  95.0135  95.0007  94.9999  94.9981  94.967  94.5642  91.0783  75
  109.566  97.1811  95.2078  95.0143  95.0008  94.9999  94.998  94.9652  94.5488  91.0153  75
  109.636  97.2332  95.2167  95.0152  95.0008  94.9999  94.9978  94.9633  94.5332  90.9529  75
  109.699  97.2851  95.2258  95.0162  95.0009  94.9999  94.9977  94.9613  94.5175  90.8911  75
  109.757  97.3369  95.2351  95.0171  95.001  94.9999  94.9975  94.9593  94.5016  90.8297  75
  109.809  97.3885  95.2445  95.0181  95.001  94.9999  94.9973  94.9572  94.4855  90.7689  75
  109.854  97.4399  95.2541  95.0192  95.0011  94.9999  94.9971  94.955  94.4693  90.7087  75
  109.894  97.491  95.2638  95.0203  95.0012  94.9999  94.9969  94.9528  94.4529  90.6489  75
  109.927  97.5419  95.2737  95.0214  95.0013  94.9999  94.9967  94.9505  94.4364  90.5897  75
  109.954  97.5925  95.2838  95.0226  95.0014  94.9999  94.9965  94.9482  94.4197  90.531  75
  109.975  97.6427  95.2941  95.0238  95.0015  94.9999  94.9963  94.9458  94.4029  90.4728  75
  109.99  97.6927  95.3044  95.025  95.0016  94.9999  94.9961  94.9433  94.386  90.4151  75
  109.998  97.7422  95.315  95.0263  95.0017  94.9999  94.9958  94.9408  94.3689  90.3579  75
  110  97.7913  95.3257  95.0276  95.0018  94.9998  94.9956  94.9382  94.3517  90.3011  75
  109.996  97.8401  95.3365  95.029  95.0019  94.9998  94.9953  94.9355  94.3344  90.2449  75
  109.985  97.8883  95.3475  95.0304  95.0021  94.9998  94.995  94.9328  94.3169  90.1891  75
  109.969  97.9361  95.3586  95.0318  95.0022  94.9998  94.9947  94.9301  94.2994  90.1338  75
  109.946  97.9834  95.3699  95.0333  95.0023  94.9998  94.9944  94.9272  94.2817  90.079  75
  109.917  98.0301  95.3813  95.0348  95.0025  94.9998  94.9941  94.9243  94.2639  90.0246  75
  109.881  98.0763  95.3928  95.0364  95.0026  94.9998  94.9938  94.9214  94.246  89.9706  75
  109.84  98.1219  95.4044  95.038  95.0028  94.9997  94.9935  94.9184  94.228  89.9172  75
  109.792  98.1669  95.4162  95.0397  95.0029  94.9997  94.9931  94.9153  94.2099  89.8641  75
  109.738  98.2113  95.428  95.0414  95.0031  94.9997  94.9928  94.9122  94.1917  89.8115  75
  109.679  98.255  95.44  95.0431  95.0033  94.9997  94.9924  94.909  94.1734  89.7594  75
  109.613  98.298  95.4521  95.0449  95.0034  94.9997  94.992  94.9057  94.155  89.7077  75
  109.541  98.3404  95.4643  95.0467  95.0036  94.9997  94.9916  94.9024  94.1366  89.6564  75
  109.463  98.382  95.4766  95.0486  95.0038  94.9996  94.9912  94.899  94.118  89.6055  75
  109.379  98.4229  95.489  95.0505  95.004  94.9996  94.9908  94.8956  94.0993  89.555  75
  109.29  98.463  95.5015  95.0525  95.0042  94.9996  94.9904  94.8921  94.0806  89.505  75
  109.194  98.5023  95.514  95.0545  95.0045  94.9996  94.9899  94.8885  94.0618  89.4553  75
  109.093  98.5408  95.5267  95.0565  95.0047  94.9995  94.9895  94.8849  94.0429  89.4061  75
  108.986  98.5785  95.5394  95.0586  95.0049  94.9995  94.989  94.8812  94.0239  89.3572  75
  108.874  98.6154  95.5522  95.0607  95.0052  94.9995  94.9885  94.8774  94.0048  89.3088  75
  108.756  98.6514  95.565  95.0629  95.0054  94.9995  94.988  94.8736  93.9857  89.2607  75
  108.632  98.6864  95.578  95.0651  95.0057  94.9994  94.9875  94.8698  93.9665  89.213  75
  108.503  98.7206  95.5909  95.0674  95.0059  94.9994  94.987  94.8658  93.9473  89.1657  75
  108.369  98.7539  95.604  95.0697  95.0062  94.9994  94.9864  94.8618  93.928  89.1188  75
  108.23  98.7862  95.617  95.0721  95.0065  94.9994  94.9859  94.8578  93.9086  89.0723  75
  108.085  98.8176  95.6302  95.0745  95.0068  94.9993  94.9853  94.8537  93.8892  89.0261  75
  107.935  98.848  95.6433  95.0769  95.0071  94.9993  94.9847  94.8495  93.8697  88.9803  75
  107.781  98.8774  95.6565  95.0794  95.0074  94.9993  94.9841  94.8453  93.8501  88.9348  75
  107.621  98.9058  95.6697  95.0819  95.0077  94.9992  94.9835  94.841  93.8305  88.8897  75
  107.457  98.9332  95.683  95.0845  95.008  94.9992  94.9828  94.8367  93.8109  88.845  75
  107.288  98.9596  95.6962  95.0871  95.0084  94.9991  94.9822  94.8323  93.7912  88.8006  75
  107.115  98.9849  95.7095  95.0898  95.0087  94.9991  94.9815  94.8278  93.7714  88.7565  75
  106.937  99.0092  95.7228  95.0924  95.0091  94.9991  94.9809  94.8233  93.7516  88.7128  75
  106.755  99.0324  95.7361  95.0952  95.0095  94.999  94.9802  94.8187  93.7318  88.6694  75
  106.568  99.0545  95.7493  95.098  95.0098  94.999  94.9794  94.8141  93.7119  88.6264  75
  106.378  99.0756  95.7626  95.1008  95.0102  94.9989  94.9787  94.8094  93.692  88.5837  75
  106.183  99.0955  95.7759  95.1036  95.0106  94.9989  94.978  94.8047  93.672  88.5413  75
  105.985  99.1143  95.7891  95.1065  95.011  94.9989  94.9772  94.7999  93.6521  88.4993  75
  105.783  99.1321  95.8023  95.1095  95.0114  94.9988  94.9764  94.795  93.632  88.4575  75
  105.577  99.1487  95.8155  95.1124  95.0119  94.9988  94.9756  94.7901  93.612  88.4161  75
  105.368  99.1641  95.8286  95.1154  95.0123  94.9987  94.9748  94.7852  93.5919  88.375  75
  105.155  99.1785  95.8418  95.1185  95.0128  94.9987  94.974  94.7801  93.5718  88.3342  75
  104.939  99.1917  95.8548  95.1216  95.0132  94.9986  94.9731  94.7751  93.5516  88.2938  75
  104.72  99.2037  95.8678  95.1247  95.0137  94.9985  94.9723  94.7699  93.5314  88.2536  75
  104.498  99.2146  95.8808  95.1279  95.0142  94.9985  94.9714  94.7648  93.5113  88.2137  75
  104.274  99.2244  95.8937  95.1311  95.0146  94.9984  94.9705  94.7595  93.491  88.1741  75
  104.046  99.233  95.9066  95.1343  95.0151  94.9984  94.9696  94.7542  93.4708  88.1348  75
  103.817  99.2404  95.9193  95.1376  95.0157  94.9983  94.9687  94.7489  93.4505  88.0958  75
  103.584  99.2467  95.932  95.1409  95.0162  94.9983  94.9677  94.7435  93.4302  88.0571  75
  103.35  99.2518  95.9446  95.1442  95.0167  94.9982  94.9667  94.7381  93.4099  88.0187  75
  103.113  99.2558  95.9572  95.1476  95.0173  94.9981  94.9658  94.7326  93.3896  87.9806  75
  102.875  99.2586  95.9696  95.151  95.0178  94.9981  94.9647  94.727  93.3693  87.9427  75
  102.634  99.2602  95.982  95.1544  95.0184  94.998  94.9637  94.7214  93.349  87.9051  75
  102.392  99.2607  95.9942  95.1578  95.019  94.9979  94.9627  94.7158  93.3286  87.8678  75
  102.149  99.26  96.0064  95.1613  95.0196  94.9979  94.9616  94.7101  93.3082  87.8308  75
  101.904  99.2582  96.0184  95.1648  95.0202  94.9978  94.9606  94.7043  93.2879  87.794  75
  101.658  99.2552  96.0303  95.1684  95.0208  94.9977  94.9595  94.6985  93.2675  87.7575  75
  101.411  99.2511  96.0422  95.172  95.0214  94.9976  94.9583  94.6927  93.2471  87.7213  75
  101.163  99.2459  96.0539  95.1756  95.022  94.9976  94.9572  94.6868  93.2267  87.6853  75
  100.915  99.2395  96.0654  95.1792  95.0227  94.9975  94.9561  94.6808  93.2063  87.6496  75
  100.665  99.232  96.0769  95.1828  95.0233  94.9974  94.9549  94.6748  93.1859  87.6141  75
  100.416  99.2234  96.0882  95.1865  95.024  94.9973  94.9537  94.6688  93.1654  87.5789  75
  100.166  99.2137  96.0993  95.1902  95.0247  94.9972  94.9525  94.6627  93.145  87.5439  75
  99.9159  99.2029  96.1104  95.1939  95.0254  94.9971  94.9513  94.6565  93.1246  87.5092  75
  99.666  99.191  96.1212  95.1977  95.0261  94.997  94.95  94.6504  93.1042  87.4748  75
  99.4163  99.178  96.132  95.2014  95.0268  94.997  94.9488  94.6441  93.0838  87.4405  75
  99.1669  99.1639  96.1426  95.2052  95.0275  94.9969  94.9475  94.6378  93.0634  87.4066  75
  98.918  99.1489  96.153  95.209  95.0282  94.9968  94.9462  94.6315  93.0429  87.3728  75
  98.6699  99.1327  96.1632  95.2128  95.029  94.9967  94.9449  94.6252  93.0225  87.3393  75
  98.4225  99.1156  96.1733  95.2166  95.0297  94.9966  94.9435  94.6187  93.0021  87.306  75
  98.1762  99.0974  96.1833  95.2205  95.0305  94.9965  94.9422  94.6123  92.9817  87.273  75
  97.931  99.0782  96.193  95.2244  95.0313  94.9964  94.9408  94.6058  92.9613  87.2401  75
  97.6871  99.058  96.2026  95.2282  95.0321  94.9963  94.9394  94.5992  92.941  87.2075  75
  97.4446  99.0369  96.212  95.2321  95.0329  94.9962  94.938  94.5926  92.9206  87.1752  75
  97.2037  99.0148  96.2212  95.236  95.0337  94.9961  94.9365  94.586  92.9002  87.143  75
  96.9646  98.9918  96.2303  95.2399  95.0345  94.996  94.9351  94.5793  92.8799  87.1111  75
  96.7274  98.9679  96.2391  95.2439  95.0354  94.9958  94.9336  94.5726  92.8595  87.0794  75
  96.4922  98.943  96.2478  95.2478  95.0362  94.9957  94.9321  94.5658  92.8392  87.0479  75
  96.2592  98.9173  96.2563  95.2517  95.0371  94.9956  94.9306  94.559  92.8189  87.0166  75
  96.0285  98.8907  96.2645  95.2557  95.0379  94.9955  94.9291  94.5522  92.7985  86.9855  75
  95.8003  98.8632  96.2726  95.2596  95.0388  94.9954  94.9275  94.5453  92.7783  86.9547  75
  95.5748  98.835  96.2805  95.2636  95.0397  94.9953  94.9259  94.5384  92.758  86.924  75
  95.352  98.8059  96.2882  95.2676  95.0406  94.9951  94.9244  94.5314  92.7377  86.8936  75
  95.1321  98.776  96.2957  95.2715  95.0415  94.995  94.9227  94.5244  92.7174  86.8633  75
  94.9153  98.7454  96.303  95.2755  95.0424  94.9949  94.9211  94.5174  92.6972  86.8333  75
  94.7016  98.7141  96.3101  95.2795  95.0433  94.9947  94.9195  94.5103  92.677  86.8034  75
  94.4913  98.682  96.3169  95.2835  95.0443  94.9946  94.9178  94.5032  92.6568  86.7738  75
  94.2844  98.6492  96.3236  95.2874  95.0452  94.9945  94.9161  94.496  92.6366  86.7443  75
  94.0811  98.6158  96.33  95.2914  95.0462  94.9943  94.9144  94.4888  92.6164  86.7151  75
  93.8814  98.5816  96.3363  95.2954  95.0471  94.9942  94.9127  94.4816  92.5963  86.686  75
  93.6856  98.5469  96.3423  95.2993  95.0481  94.9941  94.9109  94.4743  92.5762  86.6571  75
  93.4937  98.5116  96.3481  95.3033  95.0491  94.9939  94.9092  94.467  92.5561  86.6284  75
  93.306  98.4757  96.3537  95.3072  95.0501  94.9938  94.9074  94.4597  92.536  86.5999  75
  93.1223  98.4392  96.3591  95.3112  95.0511  94.9936  94.9056  94.4523  92.5159  86.5716  75
  92.943  98.4022  96.3642  95.3151  95.0521  94.9935  94.9037  94.4449  92.4959  86.5435  75
  92.7681  98.3648  96.3692  95.3191  95.0531  94.9933  94.9019  94.4374  92.4759  86.5155  75
  92.5977  98.3268  96.3739  95.323  95.0542  94.9931  94.9  94.4299  92.4559  86.4877  75
  92.432  98.2884  96.3784  95.3269  95.0552  94.993  94.8981  94.4224  92.4359  86.4601  75
  92.2709  98.2496  96.3827  95.3308  95.0563  94.9928  94.8962  94.4149  92.416  86.4327  75
  92.1147  98.2103  96.3868  95.3347  95.0573  94.9927  94.8943  94.4073  92.396  86.4055  75
  91.9635  98.1707  96.3906  95.3385  95.0584  94.9925  94.8924  94.3997  92.3761  86.3784  75
  91.8172  98.1308  96.3943  95.3424  95.0594  94.9923  94.8904  94.392  92.3563  86.3515  75
  91.6761  98.0905  96.3977  95.3463  95.0605  94.9921  94.8884  94.3843  92.3364  86.3248  75
  91.5402  98.05  96.4009  95.3501  95.0616  94.992  94.8864  94.3766  92.3166  86.2982  75
  91.4095  98.0092  96.4039  95.3539  95.0627  94.9918  94.8844  94.3688  92.2968  86.2718  75
  91.2842  97.9682  96.4067  95.3577  95.0638  94.9916  94.8824  94.3611  92.277  86.2456  75
  91.1644  97.927  96.4092  95.3615  95.0649  94.9914  94.8803  94.3532  92.2573  86.2195  75
  91.0501  97.8856  96.4116  95.3652  95.066  94.9912  94.8782  94.3454  92.2376  86.1936  75
  90.9414  97.844  96.4137  95.369  95.0672  94.991  94.8761  94.3375  92.2179  86.1678  75
  90.8383  97.8023  96.4156  95.3727  95.0683  94.9908  94.874  94.3296  92.1983  86.1422  75
  90.741  97.7606  96.4174  95.3764  95.0694  94.9906  94.8719  94.3217  92.1786  86.1168  75
  90.6495  97.7188  96.4189  95.38  95.0706  94.9904  94.8697  94.3137  92.1591  86.0915  75
  90.5638  97.6769  96.4202  95.3837  95.0717  94.9902  94.8675  94.3057  92.1395  86.0664  75
  90.484  97.6351  96.4213  95.3873  95.0729  94.99  94.8653  94.2977  92.12  86.0415  75
  90.4101  97.5933  96.4222  95.3909  95.074  94.9898  94.8631  94.2897  92.1004  86.0166  75
  90.3423  97.5515  96.4229  95.3945  95.0752  94.9896  94.8609  94.2816  92.081  85.992  75
  90.2804  97.5098  96.4234  95.398  95.0763  94.9894  94.8586  94.2735  92.0615  85.9675  75
  90.2247  97.4682  96.4237  95.4015  95.0775  94.9892  94.8564  94.2653  92.0421  85.9431  75
  90.1751  97.4268  96.4238  95.405  95.0787  94.989  94.8541  94.2572  92.0227  85.9189  75
  90.1316  97.3855  96.4237  95.4085  95.0799  94.9887  94.8518  94.249  92.0034  85.8948  75
  90.0942  97.3444  96.4235  95.4119  95.0811  94.9885  94.8494  94.2408  91.9841  85.8709  75
  90.0631  97.3036  96.423  95.4153  95.0823  94.9883  94.8471  94.2325  91.9648  85.8471  75
  90.0382  97.263  96.4224  95.4187  95.0835  94.988  94.8447  94.2243  91.9455  85.8234  75
  90.0195  97.2226  96.4215  95.422  95.0847  94.9878  94.8423  94.216  91.9263  85.7999  75
  90.007  97.1826  96.4206  95.4253  95.0859  94.9876  94.8399  94.2077  91.9071  85.7766  75
  90.0008  97.1429  96.4194  95.4286  95.0871  94.9873  94.8375  94.1993  91.888  85.7533  75
  90.0008  97.1036  96.4181  95.4319  95.0883  94.9871  94.8351  94.191  91.8689  85.7302  75
  90.0071  97.0647  96.4166  95.4351  95.0895  94.9868  94.8326  94.1826  91.8498  85.7073  75
  90.0196  97.0261  96.4149  95.4383  95.0907  94.9865  94.8301  94.1742  91.8307  85.6844  75
  90.0384  96.988  96.4131  95.4414  95.0919  94.9863  94.8276  94.1657  91.8117  85.6618  75
  90.0633  96.9504  96.4111  95.4445  95.0931  94.986  94.8251  94.1573  91.7928  85.6392  75
  90.0945  96.9133  96.4089  95.4476  95.0944  94.9857  94.8226  94.1488  91.7738  85.6168  75
  90.1319  96.8767  96.4067  95.4506  95.0956  94.9855  94.82  94.1403  91.7549  85.5945  75
  90.1755  96.8406  96.4042  95.4536  95.0968  94.9852  94.8174  94.1317  91.736  85.5723  75
  90.2252  96.8051  96.4017  95.4566  95.098  94.9849  94.8149  94.1232  91.7172  85.5503  75
  90.281  96.7702  96.3989  95.4595  95.0993  94.9846  94.8122  94.1146  91.6984  85.5283  75
  90.3428  96.7359  96.3961  95.4624  95.1005  94.9843  94.8096  94.106  91.6796  85.5066  75
  90.4108  96.7022  96.3931  95.4653  95.1017  94.984  94.807  94.0974  91.6609  85.4849  75
  90.4847  96.6692  96.39  95.4681  95.1029  94.9838  94.8043  94.0888  91.6422  85.4633  75
  90.5645  96.6369  96.3868  95.4709  95.1042  94.9835  94.8016  94.0801  91.6235  85.4419  75
  90.6503  96.6053  96.3835  95.4736  95.1054  94.9831  94.7989  94.0714  91.6049  85.4206  75
  90.7419  96.5744  96.3801  95.4764  95.1066  94.9828  94.7962  94.0627  91.5863  85.3994  75
  90.8392  96.5443  96.3765  95.479  95.1079  94.9825  94.7935  94.054  91.5678  85.3784  75
  90.9423  96.5149  96.3729  95.4817  95.1091  94.9822  94.7907  94.0453  91.5492  85.3574  75
  91.0511  96.4863  96.3691  95.4843  95.1103  94.9819  94.788  94.0365  91.5308  85.3366  75
  91.1655  96.4586  96.3653  95.4868  95.1115  94.9816  94.7852  94.0278  91.5123  85.3159  75
  91.2853  96.4316  96.3614  95.4893  95.1128  94.9812  94.7824  94.019  91.4939  85.2953  75
  91.4107  96.4055  96.3573  95.4918  95.114  94.9809  94.7795  94.0102  91.4755  85.2748  75
  91.5413  96.3803  96.3533  95.4942  95.1152  94.9805  94.7767  94.0013  91.4572  85.2544  75
  91.6773  96.356  96.3491  95.4966  95.1164  94.9802  94.7738  93.9925  91.4389  85.2342  75
  91.8185  96.3326  96.3449  95.499  95.1177  94.9798  94.771  93.9836  91.4207  85.214  75
  91.9648  96.3101  96.3406  95.5013  95.1189  94.9795  94.7681  93.9748  91.4024  85.194  75
  92.1161  96.2885  96.3362  95.5036  95.1201  94.9791  94.7652  93.9659  91.3843  85.1741  75
  92.2724  96.2679  96.3318  95.5059  95.1213  94.9788  94.7622  93.957  91.3661  85.1542  75
  92.4334  96.2482  96.3274  95.5081  95.1225  94.9784  94.7593  93.948  91.348  85.1345  75
  92.5992  96.2295  96.3229  95.5102  95.1237  94.978  94.7563  93.9391  91.3299  85.1149  75
  92.7697  96.2118  96.3184  95.5124  95.1249  94.9776  94.7534  93.9301  91.3119  85.0954  75
  92.9446  96.1952  96.3138  95.5145  95.1261  94.9773  94.7504  93.9212  91.2939  85.076  75
  93.124  96.1795  96.3092  95.5165  95.1273  94.9769  94.7474  93.9122  91.276  85.0567  75
  93.3076  96.1649  96.3046  95.5185  95.1285  94.9765  94.7443  93.9032  91.2581  85.0376  75
  93.4954  96.1513  96.3  95.5205  95.1297  94.9761  94.7413  93.8941  91.2402  85.0185  75
  93.6873  96.1387  96.2953  95.5224  95.1309  94.9757  94.7382  93.8851  91.2223  84.9995  75
  93.8832  96.1273  96.2907  95.5244  95.1321  94.9753  94.7351  93.8761  91.2045  84.9806  75
  94.0828  96.1169  96.286  95.5262  95.1333  94.9748  94.732  93.867  91.1868  84.9618  75
  94.2862  96.1075  96.2814  95.5281  95.1344  94.9744  94.7289  93.8579  91.1691  84.9431  75
  94.4931  96.0993  96.2767  95.5299  95.1356  94.974  94.7258  93.8488  91.1514  84.9246  75
  94.7035  96.0922  96.2721  95.5316  95.1368  94.9736  94.7227  93.8397  91.1337  84.9061  75
  94.9172  96.0861  96.2675  95.5333  95.1379  94.9731  94.7195  93.8306  91.1161  84.8877  75
  95.1341  96.0812  96.2629  95.535  95.1391  94.9727  94.7163  93.8215  91.0985  84.8694  75
  95.354  96.0774  96.2584  95.5367  95.1402  94.9722  94.7131  93.8123  91.081  84.8512  75
  95.5768  96.0746  96.2539  95.5383  95.1414  94.9718  94.7099  93.8032  91.0635  84.8331  75
  95.8024  96.0731  96.2494  95.5399  95.1425  94.9713  94.7067  93.794  91.0461  84.8151  75
  96.0306  96.0726  96.245  95.5415  95.1436  94.9708  94.7035  93.7848  91.0287  84.7971  75
  96.2612  96.0732  96.2406  95.543  95.1448  94.9704  94.7002  93.7757  91.0113  84.7793  75
  96.4942  96.075  96.2363  95.5445  95.1459  94.9699  94.6969  93.7665  90.9939  84.7616  75
  96.7295  96.0779  96.232  95.546  95.147  94.9694  94.6936  93.7573  90.9766  84.7439  75
  96.9667  96.0819  96.2278  95.5474  95.1481  94.9689  94.6903  93.748  90.9594  84.7264  75
  97.2058  96.0871  96.2237  95.5488  95.1492  94.9684  94.687  93.7388  90.9422  84.7089  75
  97.4467  96.0934  96.2196  95.5502  95.1503  94.9679  94.6837  93.7296  90.925  84.6915  75
  97.6892  96.1008  96.2156  95.5515  95.1514  94.9674  94.6803  93.7203  90.9078  84.6742  75
  97.9332  96.1093  96.2117  95.5529  95.1525  94.9669  94.677  93.711  90.8907  84.657  75
  98.1784  96.1189  96.2079  95.5541  95.1535  94.9664  94.6736  93.7018  90.8737  84.6399  75
  98.4247  96.1297  96.2042  95.5554  95.1546  94.9658  94.6702  93.6925  90.8566  84.6229  75
  98.6721  96.1415  96.2006  95.5567  95.1557  94.9653  94.6668  93.6832  90.8396  84.6059  75
  98.9203  96.1545  96.1971  95.5579  95.1567  94.9648  94.6634  93.6739  90.8227  84.5891  75
  99.1691  96.1685  96.1937  95.5591  95.1578  94.9642  94.6599  93.6646  90.8058  84.5723  75
  99.4185  96.1836  96.1904  95.5602  95.1588  94.9637  94.6565  93.6553  90.7889  84.5556  75
  99.6682  96.1998  96.1872  95.5614  95.1598  94.9631  94.653  93.6459  90.7721  84.539  75
  99.9181  96.2171  96.1841  95.5625  95.1609  94.9625  94.6495  93.6366  90.7553  84.5225  75
  100.168  96.2355  96.1812  95.5636  95.1619  94.962  94.646  93.6273  90.7385  84.506  75
  100.418  96.2548  96.1784  95.5647  95.1629  94.9614  94.6425  93.6179  90.7218  84.4896  75
  100.668  96.2753  96.1757  95.5657  95.1639  94.9608  94.639  93.6086  90.7051  84.4734  75
  100.917  96.2967  96.1731  95.5668  95.1649  94.9602  94.6354  93.5992  90.6885  84.4571  75
  101.165  96.3192  96.1707  95.5678  95.1659  94.9596  94.6319  93.5898  90.6719  84.441  75
  101.413  96.3427  96.1684  95.5688  95.1668  94.959  94.6283  93.5804  90.6553  84.425  75
  101.66  96.3672  96.1663  95.5698  95.1678  94.9584  94.6247  93.5711  90.6388  84.409  75
  101.906  96.3927  96.1643  95.5708  95.1688  94.9578  94.6211  93.5617  90.6223  84.3931  75
  102.151  96.4191  96.1625  95.5717  95.1697  94.9571  94.6175  93.5523  90.6058  84.3773  75
  102.395  96.4465  96.1608  95.5727  95.1707  94.9565  94.6139  93.5429  90.5894  84.3615  75
  102.637  96.4748  96.1593  95.5736  95.1716  94.9559  94.6102  93.5334  90.5731  84.3459  75
  102.877  96.504  96.158  95.5745  95.1725  94.9552  94.6066  93.524  90.5567  84.3303  75
  103.115  96.5341  96.1568  95.5754  95.1735  94.9545  94.6029  93.5146  90.5404  84.3148  75
  103.352  96.5652  96.1558  95.5763  95.1744  94.9539  94.5992  93.5052  90.5242  84.2993  75
  103.586  96.597  96.1549  95.5772  95.1753  94.9532  94.5955  93.4957  90.508  84.2839  75
  103.819  96.6298  96.1542  95.5781  95.1762  94.9525  94.5918  93.4863  90.4918  84.2686  75
  104.048  96.6634  96.1537  95.579  95.1771  94.9518  94.5881  93.4769  90.4756  84.2534  75
  104.276  96.6977  96.1534  95.5798  95.178  94.9512  94.5844  93.4674  90.4595  84.2383  75
  104.5  96.7329  96.1533  95.5807  95.1788  94.9505  94.5806  93.458  90.4435  84.2232  75
  104.722  96.7688  96.1533  95.5815  95.1797  94.9497  94.5768  93.4485  90.4274  84.2082  75
  104.941  96.8055  96.1535  95.5824  95.1806  94.949  94.5731  93.439  90.4114  84.1932  75
  105.157  96.8429  96.1539  95.5832  95.1814  94.9483  94.5693  93.4296  90.3955  84.1783  75
  105.369  96.8811  96.1545  95.5841  95.1823  94.9476  94.5655  93.4201  90.3796  84.1635  75
  105.579  96.9199  96.1553  95.5849  95.1831  94.9468  94.5617  93.4106  90.3637  84.1488  75
  105.784  96.9594  96.1563  95.5858  95.1839  94.9461  94.5578  93.4011  90.3479  84.1341  75
  105.987  96.9995  96.1574  95.5866  95.1847  94.9453  94.554  93.3917  90.3321  84.1195  75
  106.185  97.0402  96.1588  95.5874  95.1856  94.9446  94.5501  93.3822  90.3163  84.105  75
  106.379  97.0815  96.1603  95.5883  95.1864  94.9438  94.5463  93.3727  90.3006  84.0905  75
  106.57  97.1234  96.1621  95.5891  95.1872  94.943  94.5424  93.3632  90.2849  84.0761  75
  106.756  97.1658  96.164  95.59  95.1879  94.9423  94.5385  93.3537  90.2692  84.0618  75
  106.938  97.2088  96.1662  95.5909  95.1887  94.9415  94.5346  93.3442  90.2536  84.0475  75
  107.116  97.2522  96.1685  95.5917  95.1895  94.9407  94.5307  93.3347  90.238  84.0333  75
  107.29  97.2961  96.171  95.5926  95.1903  94.9399  94.5267  93.3252  90.2225  84.0192  75
  107.459  97.3404  96.1738  95.5935  95.191  94.9391  94.5228  93.3157  90.207  84.0051  75
  107.623  97.3852  96.1767  95.5944  95.1918  94.9382  94.5188  93.3062  90.1915  83.9911  75
  107.782  97.4303  96.1798  95.5953  95.1925  94.9374  94.5149  93.2967  90.1761  83.9771  75
  107.937  97.4758  96.1832  95.5962  95.1933  94.9366  94.5109  93.2871  90.1607  83.9632  75
  108.086  97.5217  96.1867  95.5971  95.194  94.9357  94.5069  93.2776  90.1453  83.9494  75
  108.231  97.5678  96.1904  95.598  95.1947  94.9349  94.5029  93.2681  90.13  83.9356  75
  108.37  97.6143  96.1943  95.599  95.1954  94.934  94.4989  93.2586  90.1147  83.9219  75
  108.504  97.6609  96.1985  95.5999  95.1961  94.9331  94.4949  93.2491  90.0995  83.9083  75
  108.633  97.7078  96.2028  95.6009  95.1969  94.9323  94.4908  93.2396  90.0843  83.8947  75
  108.757  97.7549  96.2073  95.6019  95.1975  94.9314  94.4868  93.23  90.0691  83.8812  75
  108.875  97.8022  96.212  95.6029  95.1982  94.9305  94.4827  93.2205  90.054  83.8677  75
  108.987  97.8496  96.2169  95.6039  95.1989  94.9296  94.4786  93.211  90.0389  83.8543  75
  109.094  97.8972  96.222  95.605  95.1996  94.9287  94.4746  93.2015  90.0238  83.8409  75
  109.195  97.9448  96.2273  95.606  95.2003  94.9278  94.4705  93.192  90.0088  83.8276  75
  109.29  97.9924  96.2328  95.6071  95.2009  94.9268  94.4664  93.1824  89.9938  83.8144  75
  109.38  98.0401  96.2385  95.6082  95.2016  94.9259  94.4622  93.1729  89.9788  83.8012  75
  109.464  98.0878  96.2443  95.6093  95.2023  94.925  94.4581  93.1634  89.9639  83.7881  75
  109.542  98.1355  96.2504  95.6105  95.2029  94.924  94.454  93.1539  89.9491  83.7751  75
  109.613  98.1831  96.2566  95.6116  95.2035  94.9231  94.4498  93.1443  89.9342  83.7621  75
  109.679  98.2306  96.263  95.6128  95.2042  94.9221  94.4457  93.1348  89.9194  83.7491  75
  109.739  98.278  96.2696  95.614  95.2048  94.9211  94.4415  93.1253  89.9046  83.7362  75
  109.793  98.3253  96.2763  95.6152  95.2054  94.9201  94.4373  93.1158  89.8899  83.7234  75
  109.84  98.3724  96.2833  95.6165  95.2061  94.9192  94.4331  93.1063  89.8752  83.7106  75
  109.882  98.4192  96.2904  95.6178  95.2067  94.9182  94.4289  93.0967  89.8605  83.6979  75
  109.917  98.4659  96.2977  95.6191  95.2073  94.9172  94.4247  93.0872  89.8459  83.6852  75
  109.946  98.5123  96.3051  95.6204  95.2079  94.9161  94.4205  93.0777  89.8313  83.6726  75
  109.969  98.5585  96.3127  95.6218  95.2085  94.9151  94.4162  93.0682  89.8167  83.66  75
  109.985  98.6043  96.3205  95.6232  95.2091  94.9141  94.412  93.0587  89.8022  83.6475  75
  109.996  98.6498  96.3284  95.6246  95.2097  94.9131  94.4077  93.0491  89.7877  83.635  75
  110  98.6949  96.3365  95.626  95.2103  94.912  94.4035  93.0396  89.7732  83.6226  75
  109.998  98.7396  96.3448  95.6275  95.2109  94.911  94.3992  93.0301  89.7588  83.6102  75
  109.989  98.7839  96.3532  95.629  95.2115  94.9099  94.3949  93.0206  89.7444  83.5979  75
  109.975  98.8278  96.3617  95.6305  95.212  94.9088  94.3906  93.0111  89.7301  83.5857  75
  109.954  98.8712  96.3704  95.6321  95.2126  94.9078  94.3863  93.0016  89.7158  83.5735  75
  109.927  98.9141  96.3792  95.6337  95.2132  94.9067  94.382  92.9921  89.7015  83.5613  75
  109.894  98.9565  96.3881  95.6353  95.2138  94.9056  94.3777  92.9826  89.6872  83.5492  75
  109.854  98.9984  96.3972  95.637  95.2143  94.9045  94.3733  92.9731  89.673  83.5372  75
  109.808  99.0396  96.4064  95.6387  95.2149  94.9034  94.369  92.9636  89.6588  83.5251  75
  109.757  99.0803  96.4157  95.6404  95.2155  94.9023  94.3646  92.9541  89.6447  83.5132  75
  109.699  99.1204  96.4252  95.6421  95.216  94.9012  94.3603  92.9446  89.6306  83.5013  75
  109.635  99.1598  96.4347  95.6439  95.2166  94.9  94.3559  92.9351  89.6165  83.4894  75
  109.565  99.1985  96.4444  95.6457  95.2171  94.8989  94.3515  92.9256  89.6025  83.4776  75
  109.489  99.2366  96.4542  95.6476  95.2177  94.8977  94.3471  92.9161  89.5885  83.4658  75
  109.407  99.274  96.4641  95.6495  95.2182  94.8966  94.3427  92.9066  89.5745  83.4541  75
  109.32  99.3106  96.474  95.6514  95.2188  94.8954  94.3383  92.8972  89.5605  83.4425  75
  109.226  99.3464  96.4841  95.6533  95.2193  94.8943  94.3339  92.8877  89.5466  83.4308  75
  109.127  99.3815  96.4943  95.6553  95.2199  94.8931  94.3294  92.8782  89.5328  83.4193  75
  109.022  99.4158  96.5045  95.6573  95.2204  94.8919  94.325  92.8687  89.5189  83.4077  75
  108.911  99.4493  96.5148  95.6594  95.221  94.8907  94.3206  92.8593  89.5051  83.3963  75
  108.795  99.4819  96.5252  95.6615  95.2215  94.8895  94.3161  92.8498  89.4913  83.3848  75
  108.673  99.5137  96.5357  95.6636  95.222  94.8883  94.3116  92.8403  89.4776  83.3734  75
  108.546  99.5446  96.5462  95.6658  95.2226  94.8871  94.3072  92.8309  89.4639  83.3621  75
  108.414  99.5746  96.5568  95.6679  95.2231  94.8859  94.3027  92.8214  89.4502  83.3508  75
  108.276  99.6037  96.5675  95.6702  95.2237  94.8846  94.2982  92.812  89.4366  83.3395  75
  108.133  99.6319  96.5782  95.6724  95.2242  94.8834  94.2937  92.8025  89.423  83.3283  75
  107.985  99.6591  96.5889  95.6747  95.2247  94.8821  94.2892  92.7931  89.4094  83.3171  75
  107.832  99.6854  96.5997  95.677  95.2253  94.8809  94.2847  92.7837  89.3959  83.306  75
  107.674  99.7107  96.6105  95.6794  95.2258  94.8796  94.2801  92.7742  89.3823  83.2949  75
  107.511  99.735  96.6213  95.6818  95.2263  94.8784  94.2756  92.7648  89.3689  83.2839  75
  107.344  99.7584  96.6322  95.6842  95.2269  94.8771  94.2711  92.7554  89.3554  83.2729  75
  107.172  99.7807  96.6431  95.6866  95.2274  94.8758  94.2665  92.7459  89.342  83.2619  75
  106.996  99.8019  96.654  95.6891  95.228  94.8745  94.262  92.7365  89.3286  83.251  75
  106.815  99.8221  96.6649  95.6916  95.2285  94.8732  94.2574  92.7271  89.3153  83.2402  75
  106.63  99.8413  96.6758  95.6942  95.229  94.8719  94.2528  92.7177  89.302  83.2293  75
  106.44  99.8594  96.6868  95.6968  95.2296  94.8706  94.2483  92.7083  89.2887  83.2186  75
  106.247  99.8765  96.6977  95.6994  95.2301  94.8693  94.2437  92.6989  89.2754  83.2078  75
  106.05  99.8924  96.7086  95.702  95.2307  94.868  94.2391  92.6895  89.2622  83.1971  75
  105.849  99.9073  96.7195  95.7047  95.2312  94.8666  94.2345  92.6801  89.249  83.1865  75
  105.645  99.9211  96.7303  95.7074  95.2317  94.8653  94.2299  92.6707  89.2359  83.1758  75
  105.436  99.9337  96.7412  95.7102  95.2323  94.864  94.2252  92.6614  89.2227  83.1653  75
  105.225  99.9453  96.752  95.7129  95.2328  94.8626  94.2206  92.652  89.2096  83.1547  75
  105.01  99.9557  96.7627  95.7157  95.2334  94.8613  94.216  92.6426  89.1966  83.1442  75
  104.792  99.965  96.7735  95.7185  95.2339  94.8599  94.2113  92.6333  89.1835  83.1338  75
  104.571  99.9732  96.7842  95.7214  95.2345  94.8585  94.2067  92.6239  89.1705  83.1233  75
  104.348  99.9803  96.7948  95.7243  95.235  94.8571  94.202  92.6145  89.1576  83.113  75
  104.121  99.9862  96.8054  95.7272  95.2356  94.8557  94.1974  92.6052  89.1446  83.1026  75
  103.892  99.9909  96.8159  95.7301  95.2362  94.8544  94.1927  92.5959  89.1317  83.0923  75
  103.661  99.9946  96.8263  95.7331  95.2367  94.853  94.188  92.5865  89.1189  83.0821  75
  103.427  99.9971  96.8367  95.7361  95.2373  94.8516  94.1833  92.5772  89.106  83.0718  75
  103.191  99.9984  96.847  95.7391  95.2378  94.8501  94.1787  92.5679  89.0932  83.0616  75
  102.953  99.9986  96.8572  95.7421  95.2384  94.8487  94.174  92.5585  89.0804  83.0515  75
  102.713  99.9977  96.8673  95.7452  95.239  94.8473  94.1693  92.5492  89.0677  83.0414  75
  102.472  99.9956  96.8774  95.7482  95.2396  94.8459  94.1645  92.5399  89.0549  83.0313  75
  102.229  99.9924  96.8873  95.7513  95.2401  94.8444  94.1598  92.5306  89.0422  83.0213  75
  101.985  99.9881  96.8972  95.7545  95.2407  94.843  94.1551  92.5213  89.0296  83.0113  75
  101.739  99.9826  96.9069  95.7576  95.2413  94.8415  94.1504  92.512  89.0169  83.0013  75
  101.492  99.976  96.9165  95.7608  95.2419  94.8401  94.1456  92.5027  89.0043  82.9914  75
  101.245  99.9683  96.9261  95.764  95.2425  94.8386  94.1409  92.4935  88.9918  82.9815  75
  100.996  99.9594  96.9355  95.7672  95.243  94.8371  94.1362  92.4842  88.9792  82.9716  75
  100.747  99.9495  96.9447  95.7704  95.2436  94.8357  94.1314  92.4749  88.9667  82.9618  75
  100.498  99.9385  96.9539  95.7736  95.2442  94.8342  94.1266  92.4657  88.9542  82.952  75
  100.248  99.9263  96.9629  95.7769  95.2448  94.8327  94.1219  92.4564  88.9418  82.9423  75
  99.9978  99.9131  96.9718  95.7801  95.2454  94.8312  94.1171  92.4472  88.9293  82.9326  75
  99.7478  99.8988  96.9806  95.7834  95.246  94.8297  94.1123  92.4379  88.917  82.9229  75
  99.498  99.8835  96.9892  95.7867  95.2466  94.8282  94.1075  92.4287  88.9046  82.9132  75
  99.2485  99.8671  96.9976  95.79  95.2472  94.8267  94.1027  92.4195  88.8923  82.9036  75
  98.9995  99.8497  97.0059  95.7934  95.2479  94.8252  94.0979  92.4103  88.8799  82.894  75
  98.751  99.8312  97.0141  95.7967  95.2485  94.8236  94.0931  92.401  88.8677  82.8845  75
  98.5034  99.8117  97.0221  95.8  95.2491  94.8221  94.0883  92.3918  88.8554  82.875  75
  98.2567  99.7912  97.0299  95.8034  95.2497  94.8206  94.0835  92.3826  88.8432  82.8655  75
  98.0111  99.7697  97.0376  95.8068  95.2503  94.819  94.0787  92.3734  88.831  82.8561  75
  97.7668  99.7473  97.0451  95.8101  95.251  94.8175  94.0739  92.3643  88.8188  82.8467  75
  97.5238  99.7239  97.0524  95.8135  95.2516  94.8159  94.069  92.3551  88.8067  82.8373  75
  97.2824  99.6995  97.0596  95.8169  95.2522  94.8144  94.0642  92.3459  88.7946  82.828  75
  97.0427  99.6742  97.0666  95.8203  95.2528  94.8128  94.0594  92.3367  88.7825  82.8187  75
  96.8048  99.648  97.0734  95.8237  95.2535  94.8113  94.0545  92.3276  88.7705  82.8094  75
  96.5689  99.6209  97.08  95.8271  95.2541  94.8097  94.0497  92.3184  88.7585  82.8001  75
  96.3352  99.593  97.0865  95.8305  95.2548  94.8081  94.0448  92.3093  88.7465  82.7909  75
  96.1038  99.5642  97.0927  95.8339  95.2554  94.8065  94.04  92.3002  88.7345  82.7818  75
  95.8748  99.5345  97.0988  95.8373  95.2561  94.8049  94.0351  92.291  88.7226  82.7726  75
  95.6483  99.504  97.1046  95.8407  95.2567  94.8033  94.0302  92.2819  88.7107  82.7635  75
  95.4246  99.4727  97.1103  95.8441  95.2574  94.8017  94.0253  92.2728  88.6988  82.7544  75
  95.2038  99.4407  97.1158  95.8475  95.258  94.8001  94.0205  92.2637  88.6869  82.7454  75
  94.9859  99.4079  97.1211  95.8509  95.2587  94.7985  94.0156  92.2546  88.6751  82.7364  75
  94.7712  99.3743  97.1262  95.8543  95.2593  94.7969  94.0107  92.2455  88.6633  82.7274  75
  94.5598  99.3401  97.131  95.8576  95.26  94.7953  94.0058  92.2364  88.6515  82.7184  75
